[
    ['world', 'Sketchfab_model', 
     {'matrix': [
         [1.0, 0.0, 0.0, 0.0], 
         [0.0, 2.220446049250313e-16, 1.0, 0.0], 
         [0.0, -1.0, 2.220446049250313e-16, 0.0], 
         [0.0, 0.0, 0.0, 1.0]
         ]}], 
    ['Sketchfab_model', 'fbx_merge.fbx', 
     {'matrix': [
         [1.0, 0.0, 0.0, 0.0], 
         [0.0, 0.0, -1.0, 0.0], 
         [0.0, 1.0, 0.0, 0.0], 
         [0.0, 0.0, 0.0, 1.0]
         ]}], 
    ['fbx_merge.fbx', 'Object_2', 
     {'matrix': [
         [1.0, 0.0, 0.0, 0.0], 
         [0.0, 1.0, 0.0, 0.0], 
         [0.0, 0.0, 1.0, 0.0], 
         [0.0, 0.0, 0.0, 1.0]
         ]}], 
    ['Object_2', 'RootNode', 
     {'matrix': 
      [[1.0, 0.0, 0.0, 0.0], 
       [0.0, 1.0, 0.0, 0.0], 
       [0.0, 0.0, 1.0, 0.0], 
       [0.0, 0.0, 0.0, 1.0]
       ]}], 
    ['RootNode', 'Object_4', 
     {'matrix': 
      [
          [1.0, 0.0, 0.0, 0.0], 
          [0.0, 1.0, 0.0, 0.0], 
          [0.0, 0.0, 1.0, 0.0], 
          [0.0, 0.0, 0.0, 1.0]
          ]}], 
    ['Object_4', 'Beta_Surface', 
     {'matrix': 
      [[1.0, 0.0, 0.0, 0.0], 
       [0.0, 1.0, 0.0, 0.0], 
       [0.0, 0.0, 1.0, 0.0], 
       [0.0, 0.0, 0.0, 1.0]]}], 
    ['Object_4', 'Beta_Joints', 
     {'matrix': 
      [[1.0, 0.0, 0.0, 0.0], 
       [0.0, 1.0, 0.0, 0.0], 
       [0.0, 0.0, 1.0, 0.0], 
       [0.0, 0.0, 0.0, 1.0]]}], 
    ['Object_4', 'Object_7', 
     {'geometry': 'Beta_Surface_asdf1:Beta_HighLimbsGeoSG2_0', 'matrix': [[1.0, 0.0, 0.0, 0.0], [0.0, 1.0, 0.0, 0.0], [0.0, 0.0, 1.0, 0.0], [0.0, 0.0, 0.0, 1.0]]}], ['Object_4', 'Object_6', {'geometry': 'Beta_Joints_Beta_Joints_MAT_0', 'matrix': [[1.0, 0.0, 0.0, 0.0], [0.0, 1.0, 0.0, 0.0], [0.0, 0.0, 1.0, 0.0], 
[0.0, 0.0, 0.0, 1.0]]}], 
['Object_4', '_rootJoint', {'matrix': [[1.0, 0.0, 0.0, 0.0], [0.0, 1.0, 0.0, 0.0], [0.0, 0.0, 1.0, 0.0], [0.0, 0.0, 0.0, 1.0]]}], 
['_rootJoint', 'mixamorig:Hips_01', {'matrix': [[1.0, 0.0, 0.0, -8.671660580747465e-19], [0.0, 1.0, 0.0, 103.99147033691406], [0.0, 0.0, 1.0, 2.0760765075683594], [0.0, 0.0, 0.0, 1.0]]}], 
['mixamorig:Hips_01', 'mixamorig:RightUpLeg_062', {'matrix': [[1.0, 0.0, 0.0, -8.207796096801758], [0.0, 1.0, 0.0, -6.751662254333496], [0.0, 0.0, 1.0, -1.5995594263076782], [0.0, 0.0, 0.0, 1.0]]}], 
['mixamorig:RightUpLeg_062', 'mixamorig:RightLeg_063', {'matrix': [[1.0, 0.0, 0.0, 8.435572595999474e-08], [0.0, 1.0, 0.0, -44.37053680419922], [0.0, 0.0, 1.0, 0.28615638613700867], [0.0, 0.0, 0.0, 1.0]]}], 
['mixamorig:RightLeg_063', 'mixamorig:RightFoot_064', {'matrix': [[1.0, 0.0, 0.0, 9.644581950851716e-07], [0.0, 1.0, 0.0, -44.427730560302734], [0.0, 0.0, 1.0, -2.9837889671325684], [0.0, 0.0, 0.0, 1.0]]}], 
['mixamorig:RightFoot_064', 'mixamorig:RightToeBase_065', {'matrix': [[1.0, 0.0, 0.0, -2.3604382022313075e-06], [0.0, 1.0, 0.0, -8.728669166564941], [0.0, 0.0, 1.0, 10.71056079864502], [0.0, 0.0, 
0.0, 1.0]]}], 
['mixamorig:RightToeBase_065', 'mixamorig:RightToe_End_066', {'matrix': [[1.0, 0.0, 0.0, -2.0942645733157406e-06], [0.0, 1.0, 0.0, -0.0006763694109395146], [0.0, 0.0, 1.0, 9.278120040893555], [0.0, 0.0, 0.0, 1.0]]}], 
['mixamorig:Hips_01', 'mixamorig:LeftUpLeg_058', {'matrix': [[1.0, 0.0, 0.0, 8.207781791687012], [0.0, 1.0, 0.0, -6.75171422958374], [0.0, 0.0, 1.0, -1.5995556116104126], [0.0, 0.0, 0.0, 1.0]]}], 
['mixamorig:LeftUpLeg_058', 'mixamorig:LeftLeg_059', {'matrix': [[1.0, 0.0, 0.0, -4.110158045023127e-07], [0.0, 1.0, 0.0, -44.3704719543457], [0.0, 0.0, 1.0, 0.28464263677597046], [0.0, 0.0, 0.0, 1.0]]}], 
['mixamorig:LeftLeg_059', 'mixamorig:LeftFoot_00', {'matrix': [[1.0, 0.0, 0.0, 4.7163933913907385e-07], [0.0, 1.0, 0.0, -44.42787170410156], [0.0, 0.0, 1.0, -2.9821906089782715], [0.0, 0.0, 0.0, 1.0]]}], 
['mixamorig:LeftFoot_00', 'mixamorig:LeftToeBase_060', {'matrix': [[1.0, 0.0, 0.0, -2.9609880130010424e-06], [0.0, 1.0, 0.0, -8.728670120239258], [0.0, 0.0, 1.0, 10.710559844970703], [0.0, 0.0, 0.0, 1.0]]}], 
['mixamorig:LeftToeBase_060', 'mixamorig:LeftToe_End_061', {'matrix': [[1.0, 0.0, 0.0, -2.5080619252548786e-06], [0.0, 1.0, 0.0, -0.0006766829756088555], [0.0, 0.0, 1.0, 9.278136253356934], [0.0, 0.0, 0.0, 1.0]]}], 
['mixamorig:Hips_01', 'mixamorig:Spine_02', {'matrix': [[1.0, 0.0, 0.0, 9.234152457793243e-06], [0.0, 1.0, 0.0, 10.181588172912598], [0.0, 0.0, 1.0, 0.13152092695236206], [0.0, 0.0, 0.0, 1.0]]}], 
['mixamorig:Spine_02', 'mixamorig:Spine1_03', {'matrix': [[1.0, 0.0, 0.0, 2.519402926282055e-07], [0.0, 1.0, 0.0, 10.083451271057129], [0.0, 0.0, 1.0, -1.0008043050765991], [0.0, 0.0, 0.0, 1.0]]}], 
['mixamorig:Spine1_03', 'mixamorig:Spine2_04', {'matrix': [[1.0, 0.0, 0.0, 
3.457486457136838e-07], [0.0, 1.0, 0.0, 9.100010871887207], [0.0, 0.0, 1.0, -1.3734171390533447], [0.0, 0.0, 0.0, 1.0]]}], 
['mixamorig:Spine2_04', 'mixamorig:RightShoulder_034', {'matrix': [[1.0, 0.0, 0.0, -4.569969654083252], [0.0, 1.0, 0.0, 10.946176528930664], [0.0, 0.0, 1.0, -2.6280174255371094], [0.0, 0.0, 0.0, 1.0]]}], 
['mixamorig:RightShoulder_034', 'mixamorig:RightArm_035', {'matrix': [[1.0, 0.0, 0.0, -10.592844009399414], [0.0, 1.0, 0.0, -0.5247983932495117], [0.0, 0.0, 1.0, -2.2320985794067383], [0.0, 0.0, 0.0, 1.0]]}], 
['mixamorig:RightArm_035', 'mixamorig:RightForeArm_036', {'matrix': [[1.0, 0.0, 0.0, -27.841520309448242], [0.0, 1.0, 0.0, -3.3079217246267945e-05], [0.0, 0.0, 1.0, 1.1676310350594576e-05], [0.0, 0.0, 0.0, 1.0]]}], 
['mixamorig:RightForeArm_036', 'mixamorig:RightHand_037', {'matrix': [[1.0, 0.0, 0.0, -28.328838348388672], [0.0, 1.0, 0.0, -1.5814171661077125e-07], [0.0, 0.0, 1.0, 5.581601362791844e-05], [0.0, 0.0, 0.0, 1.0]]}], 
['mixamorig:RightHand_037', 'mixamorig:RightHandThumb1_054', {'matrix': [[1.0, 0.0, 0.0, -2.464806079864502], [0.0, 1.0, 0.0, -1.5727142095565796], [0.0, 0.0, 1.0, 2.682626485824585], [0.0, 0.0, 0.0, 1.0]]}], 
['mixamorig:RightHandThumb1_054', 'mixamorig:RightHandThumb2_055', {'matrix': [[1.0, 0.0, 0.0, -3.229771852493286], [0.0, 1.0, 0.0, -1.8647087812423706], [0.0, 0.0, 1.0, 1.8647184371948242], [0.0, 0.0, 0.0, 1.0]]}], 
['mixamorig:RightHandThumb2_055', 'mixamorig:RightHandThumb3_056', {'matrix': [[1.0, 0.0, 0.0, -2.6526050567626953], [0.0, 1.0, 0.0, -1.531449317932129], [0.0, 0.0, 1.0, 1.5314456224441528], [0.0, 0.0, 0.0, 1.0]]}], 
['mixamorig:RightHandThumb3_056', 'mixamorig:RightHandThumb4_057', {'matrix': [[1.0, 0.0, 0.0, -1.954580545425415], [0.0, 1.0, 0.0, -1.1284617185592651], [0.0, 0.0, 1.0, 1.1285070180892944], [0.0, 0.0, 0.0, 1.0]]}], 
['mixamorig:RightHand_037', 'mixamorig:RightHandIndex1_050', {'matrix': [[1.0, 0.0, 0.0, -9.108281135559082], [0.0, 1.0, 0.0, -0.5167889595031738], [0.0, 0.0, 1.0, 2.2601163387298584], [0.0, 0.0, 0.0, 1.0]]}], 
['mixamorig:RightHandIndex1_050', 'mixamorig:RightHandIndex2_051', {'matrix': [[1.0, 0.0, 0.0, -3.6764094829559326], [0.0, 1.0, 0.0, 1.9227156371925958e-05], [0.0, 0.0, 1.0, 3.2355670555261895e-05], [0.0, 0.0, 0.0, 1.0]]}], 
['mixamorig:RightHandIndex2_051', 'mixamorig:RightHandIndex3_052', {'matrix': [[1.0, 0.0, 0.0, -2.8830626010894775], [0.0, 1.0, 0.0, -4.9601214413996786e-05], [0.0, 0.0, 1.0, 4.044897650601342e-05], [0.0, 0.0, 0.0, 1.0]]}],
['mixamorig:RightHandIndex3_052', 'mixamorig:RightHandIndex4_053', {'matrix': [[1.0, 0.0, 0.0, -2.3927199840545654], [0.0, 1.0, 0.0, 2.6814701413968578e-05], [0.0, 0.0, 1.0, 2.8020134777761996e-05], [0.0, 0.0, 0.0, 1.0]]}], 
['mixamorig:RightHand_037', 'mixamorig:RightHandMiddle1_046', {'matrix': [[1.0, 0.0, 0.0, -9.532503128051758], [0.0, 1.0, 0.0, -1.631230225029867e-05], [0.0, 0.0, 1.0, 1.6791842426755466e-05], [0.0, 0.0, 0.0, 1.0]]}], 
['mixamorig:RightHandMiddle1_046', 'mixamorig:RightHandMiddle2_047', {'matrix': [[1.0, 0.0, 0.0, -3.6982367038726807], [0.0, 1.0, 0.0, 1.5066959349496756e-05], [0.0, 0.0, 1.0, -2.2545524188899435e-05], [0.0, 0.0, 0.0, 1.0]]}], 
['mixamorig:RightHandMiddle2_047', 'mixamorig:RightHandMiddle3_048', {'matrix': [[1.0, 0.0, 0.0, -2.9509215354919434], [0.0, 1.0, 0.0, -3.113244986252539e-07], [0.0, 0.0, 1.0, -3.0340254397742683e-07], [0.0, 0.0, 0.0, 1.0]]}], 
['mixamorig:RightHandMiddle3_048', 'mixamorig:RightHandMiddle4_049', {'matrix': [[1.0, 0.0, 0.0, -2.833902597427368], [0.0, 1.0, 0.0, 8.053240890149027e-06], [0.0, 0.0, 1.0, 5.3787705837748945e-05], [0.0, 0.0, 0.0, 1.0]]}], 
['mixamorig:RightHand_037', 'mixamorig:RightHandRing1_042', {'matrix': [[1.0, 0.0, 0.0, -9.103588104248047], [0.0, 1.0, 0.0, -0.043914347887039185], [0.0, 0.0, 1.0, -1.86507248878479], [0.0, 0.0, 0.0, 1.0]]}], 
['mixamorig:RightHandRing1_042', 'mixamorig:RightHandRing2_043', {'matrix': [[1.0, 0.0, 0.0, -3.154026746749878], [0.0, 1.0, 0.0, 2.3997297830646858e-05], [0.0, 0.0, 1.0, 4.8851212341105565e-05], [0.0, 0.0, 0.0, 1.0]]}], 
['mixamorig:RightHandRing2_043', 'mixamorig:RightHandRing3_044', {'matrix': [[1.0, 0.0, 0.0, -2.9376723766326904], [0.0, 1.0, 0.0, -4.1600655094953254e-05], [0.0, 0.0, 1.0, -3.966063377447426e-05], [0.0, 0.0, 0.0, 1.0]]}], 
['mixamorig:RightHandRing3_044', 'mixamorig:RightHandRing4_045', 
{'matrix': [[1.0, 0.0, 0.0, -2.6474525928497314], [0.0, 1.0, 0.0, 2.4608212697785348e-05], [0.0, 0.0, 1.0, -2.294923433510121e-06], [0.0, 0.0, 0.0, 1.0]]}], 
['mixamorig:RightHand_037', 'mixamorig:RightHandPinky1_038', {'matrix': [[1.0, 0.0, 0.0, -8.076674461364746], [0.0, 1.0, 0.0, -0.4884592890739441], [0.0, 0.0, 1.0, -3.8060102462768555], [0.0, 0.0, 0.0, 1.0]]}], 
['mixamorig:RightHandPinky1_038', 'mixamorig:RightHandPinky2_039', {'matrix': [[1.0, 0.0, 0.0, -3.600034475326538], [0.0, 1.0, 0.0, 3.9676655433140695e-05], [0.0, 0.0, 1.0, 5.081442213850096e-05], [0.0, 0.0, 
0.0, 1.0]]}], 
['mixamorig:RightHandPinky2_039', 'mixamorig:RightHandPinky3_040', {'matrix': [[1.0, 0.0, 0.0, -2.1142115592956543], [0.0, 1.0, 0.0, 1.5137925402086694e-05], [0.0, 0.0, 1.0, 1.479376896895701e-05], [0.0, 0.0, 0.0, 1.0]]}], 
['mixamorig:RightHandPinky3_040', 'mixamorig:RightHandPinky4_041', {'matrix': [[1.0, 0.0, 0.0, -1.9756826162338257], [0.0, 1.0, 0.0, -1.8521957827033475e-05], [0.0, 0.0, 1.0, -9.839841368375346e-07], [0.0, 0.0, 0.0, 1.0]]}], 
['mixamorig:Spine2_04', 'mixamorig:LeftShoulder_010', {'matrix': [[1.0, 0.0, 0.0, 4.570446491241455], [0.0, 1.0, 0.0, 10.945984840393066], [0.0, 0.0, 1.0, -2.62798810005188], [0.0, 0.0, 0.0, 1.0]]}], 
['mixamorig:LeftShoulder_010', 'mixamorig:LeftArm_011', {'matrix': [[1.0, 0.0, 0.0, 10.59237003326416], [0.0, 1.0, 0.0, -0.5245829224586487], [0.0, 0.0, 1.0, -2.2321200370788574], [0.0, 0.0, 0.0, 1.0]]}], 
['mixamorig:LeftArm_011', 'mixamorig:LeftForeArm_012', {'matrix': [[1.0, 0.0, 0.0, 27.841520309448242], [0.0, 1.0, 0.0, -8.94286495167762e-05], [0.0, 0.0, 1.0, 3.745891081052832e-05], [0.0, 0.0, 0.0, 1.0]]}], 
['mixamorig:LeftForeArm_012', 'mixamorig:LeftHand_013', {'matrix': [[1.0, 0.0, 0.0, 28.328838348388672], [0.0, 1.0, 0.0, -1.7440717783756554e-05], [0.0, 0.0, 1.0, 3.780452243518084e-05], [0.0, 0.0, 0.0, 1.0]]}], 
['mixamorig:LeftHand_013', 'mixamorig:LeftHandPinky1_030', {'matrix': [[1.0, 0.0, 0.0, 8.077777862548828], [0.0, 1.0, 0.0, -0.48866820335388184], [0.0, 
0.0, 1.0, -3.8060669898986816], [0.0, 0.0, 0.0, 1.0]]}], 
['mixamorig:LeftHandPinky1_030', 'mixamorig:LeftHandPinky2_031', {'matrix': [[1.0, 0.0, 0.0, 3.600034475326538], [0.0, 1.0, 0.0, -2.2522151539305924e-06], [0.0, 0.0, 1.0, -2.623879481689073e-05], [0.0, 0.0, 0.0, 1.0]]}], 
['mixamorig:LeftHandPinky2_031', 'mixamorig:LeftHandPinky3_032', {'matrix': [[1.0, 0.0, 0.0, 2.1142115592956543], [0.0, 1.0, 0.0, 1.953828177647665e-05], 
[0.0, 0.0, 1.0, -2.8644151370826876e-06], [0.0, 0.0, 0.0, 1.0]]}], 
['mixamorig:LeftHandPinky3_032', 'mixamorig:LeftHandPinky4_033', {'matrix': [[1.0, 0.0, 0.0, 1.9756826162338257], [0.0, 1.0, 0.0, 1.2405656889313832e-05], [0.0, 0.0, 1.0, -4.430140688782558e-05], [0.0, 0.0, 0.0, 1.0]]}], 
['mixamorig:LeftHand_013', 'mixamorig:LeftHandRing1_026', {'matrix': [[1.0, 0.0, 0.0, 9.104527473449707], [0.0, 1.0, 0.0, -0.0439395047724247], 
[0.0, 0.0, 1.0, -1.8650846481323242], [0.0, 0.0, 0.0, 1.0]]}], 
['mixamorig:LeftHandRing1_026', 'mixamorig:LeftHandRing2_027', {'matrix': [[1.0, 
0.0, 0.0, 3.154026746749878], [0.0, 1.0, 0.0, -6.5534677560208365e-06], [0.0, 0.0, 1.0, 1.0425744221720379e-05], [0.0, 0.0, 0.0, 1.0]]}], 
['mixamorig:LeftHandRing2_027', 'mixamorig:LeftHandRing3_028', {'matrix': [[1.0, 0.0, 0.0, 2.9376723766326904], [0.0, 1.0, 0.0, -4.5458618842530996e-05], [0.0, 0.0, 1.0, -6.8647573243652005e-06], [0.0, 0.0, 0.0, 1.0]]}], 
['mixamorig:LeftHandRing3_028', 'mixamorig:LeftHandRing4_029', {'matrix': [[1.0, 0.0, 0.0, 2.6474525928497314], [0.0, 1.0, 0.0, -4.9804413720266894e-05], [0.0, 0.0, 1.0, 7.070515550822165e-08], [0.0, 0.0, 0.0, 1.0]]}], 
['mixamorig:LeftHand_013', 'mixamorig:LeftHandMiddle1_022', {'matrix': [[1.0, 0.0, 0.0, 9.533401489257812], [0.0, 1.0, 0.0, -3.392404687474482e-05], [0.0, 0.0, 1.0, 1.3937025869381614e-05], [0.0, 0.0, 0.0, 1.0]]}], 
['mixamorig:LeftHandMiddle1_022', 'mixamorig:LeftHandMiddle2_023', {'matrix': [[1.0, 0.0, 0.0, 3.6982367038726807], [0.0, 1.0, 0.0, 1.9613592030509608e-06], [0.0, 0.0, 1.0, 1.7916967408382334e-05], [0.0, 0.0, 0.0, 1.0]]}], 
['mixamorig:LeftHandMiddle2_023', 'mixamorig:LeftHandMiddle3_024', {'matrix': [[1.0, 0.0, 0.0, 2.9509215354919434], [0.0, 1.0, 0.0, -3.937608562409878e-05], [0.0, 0.0, 1.0, 1.6447960661025718e-05], [0.0, 0.0, 0.0, 1.0]]}], 
['mixamorig:LeftHandMiddle3_024', 'mixamorig:LeftHandMiddle4_025', {'matrix': [[1.0, 0.0, 0.0, 2.833902597427368], [0.0, 1.0, 0.0, -3.8934820622671396e-05], [0.0, 0.0, 1.0, -9.504223271505907e-06], [0.0, 0.0, 0.0, 1.0]]}], 
['mixamorig:LeftHand_013', 'mixamorig:LeftHandIndex1_018', {'matrix': [[1.0, 0.0, 0.0, 9.109301567077637], [0.0, 1.0, 0.0, -0.5170834064483643], [0.0, 0.0, 1.0, 2.260073184967041], [0.0, 0.0, 0.0, 1.0]]}], 
['mixamorig:LeftHandIndex1_018', 'mixamorig:LeftHandIndex2_019', {'matrix': [[1.0, 0.0, 0.0, 3.6764094829559326], [0.0, 1.0, 0.0, -6.939138529560296e-06], [0.0, 0.0, 1.0, 2.9242517484817654e-05], [0.0, 0.0, 0.0, 1.0]]}], 
['mixamorig:LeftHandIndex2_019', 'mixamorig:LeftHandIndex3_020', {'matrix': [[1.0, 0.0, 0.0, 2.8830626010894775], [0.0, 1.0, 0.0, 3.8511967431986704e-05], [0.0, 0.0, 1.0, -4.2764815589180216e-05], [0.0, 0.0, 0.0, 1.0]]}], 
['mixamorig:LeftHandIndex3_020', 'mixamorig:LeftHandIndex4_021', {'matrix': [[1.0, 0.0, 0.0, 2.3927199840545654], [0.0, 1.0, 0.0, 3.7025907658971846e-05], [0.0, 0.0, 1.0, 3.3554435503901914e-05], [0.0, 0.0, 0.0, 1.0]]}], 
['mixamorig:LeftHand_013', 'mixamorig:LeftHandThumb1_014', {'matrix': [[1.0, 0.0, 0.0, 2.4661402702331543], [0.0, 1.0, 0.0, -1.5750491619110107], [0.0, 0.0, 1.0, 2.6824135780334473], [0.0, 0.0, 0.0, 1.0]]}], 
['mixamorig:LeftHandThumb1_014', 'mixamorig:LeftHandThumb2_015', {'matrix': [[1.0, 0.0, 0.0, 3.2298038005828857], [0.0, 1.0, 0.0, -1.8646906614303589], [0.0, 0.0, 1.0, 1.8646812438964844], [0.0, 0.0, 0.0, 1.0]]}], 
['mixamorig:LeftHandThumb2_015', 'mixamorig:LeftHandThumb3_016', {'matrix': [[1.0, 0.0, 0.0, 2.6525650024414062], [0.0, 1.0, 0.0, -1.5314929485321045], [0.0, 0.0, 1.0, 1.531471610069275], [0.0, 0.0, 0.0, 1.0]]}], 
['mixamorig:LeftHandThumb3_016', 'mixamorig:LeftHandThumb4_017', {'matrix': [[1.0, 0.0, 0.0, 1.9545669555664062], [0.0, 1.0, 0.0, -1.1285001039505005], [0.0, 0.0, 1.0, 1.1284921169281006], [0.0, 0.0, 0.0, 1.0]]}], 
['mixamorig:Spine2_04', 'mixamorig:Neck_05', {'matrix': [[1.0, 0.0, 0.0, 6.33428555829596e-07], [0.0, 1.0, 0.0, 16.671669006347656], [0.0, 0.0, 1.0, -2.5161678791046143], [0.0, 0.0, 0.0, 1.0]]}], 
['mixamorig:Neck_05', 'mixamorig:Head_06', {'matrix': [[1.0, 0.0, 0.0, -4.242318709657411e-07], [0.0, 1.0, 0.0, 9.617875099182129], [0.0, 0.0, 1.0, 1.6850075721740723], [0.0, 0.0, 0.0, 1.0]]}], 
['mixamorig:Head_06', 'mixamorig:RightEye_09', {'matrix': [[1.0, 0.0, 0.0, -3.0675504207611084], [0.0, 1.0, 0.0, 6.4095001220703125], [0.0, 0.0, 1.0, 9.283547401428223], [0.0, 0.0, 0.0, 1.0]]}], 
['mixamorig:Head_06', 'mixamorig:LeftEye_08', {'matrix': [[1.0, 0.0, 0.0, 3.0675606727600098], [0.0, 1.0, 0.0, 6.409507751464844], [0.0, 0.0, 1.0, 9.283554077148438], [0.0, 0.0, 0.0, 1.0]]}], 
['mixamorig:Head_06', 'mixamorig:HeadTop_End_07', {'matrix': [[1.0, 0.0, 0.0, -6.508241767733125e-07], [0.0, 1.0, 0.0, 17.815155029296875], [0.0, 0.0, 1.0, 2.5849854946136475], [0.0, 0.0, 0.0, 1.0]]}]]